float noteFreq[1][96] = {  
  // Low octave (Octave 2)  
  65.41, 67.35, 69.30, 71.36, 73.42, 75.60, 77.78, 80.09,  
  82.41, 84.86, 87.31, 89.90, 92.50, 95.25, 98.00, 100.91,  
  103.83, 106.91, 110.00, 113.27, 116.54, 120.00, 123.47, 127.14,  
  // Middle octave  
  130.81, 134.70, 138.59, 142.48, 146.83, 151.22, 155.56, 160.95,  
  164.81, 170.20, 174.61, 180.02, 185.00, 190.39, 196.00, 202.41,  
  207.65, 213.86, 220.00, 226.11, 233.08, 240.05, 246.94, 254.83,  
  // High octave  
  261.63, 269.40, 277.18, 285.42, 293.66, 302.40, 311.13, 320.38,  
  329.63, 339.43, 349.23, 359.61, 369.99, 380.69, 392.00, 403.65,  
  415.30, 427.47, 440.00, 453.58, 466.16, 480.37, 493.88, 508.53,  
  // High octave (Octave 5)  
  523.25, 538.81, 554.37, 570.85, 587.33, 604.79, 622.25, 640.75,  
  659.25, 678.85, 698.46, 719.22, 739.99, 761.99, 783.99, 807.30,  
  830.61, 855.30, 880.00, 906.16, 932.33, 960.05, 987.77, 1017.13  
};
